40599
200810060002
200208280007
201012220001
47714
200209270004
200407190007
49675
201403100004
199905260001
30448
7899
201503040002
201410310009
201202030003
200106080001
200207190007
10170
201211150001
200702280014
200702280011
200702280010
200702280013
200702280009
200702280012
201406180004
38592
200710040004
31216
201009270006
200103190002
200101310006
201211210001
200603100002
201408250002
201104290001
200902270015
199910180003
18027
201403100001
199904070001
39795
199901280001
200208280009
44751
200710240005
200603280006
201306280006
53117
200912160001
7831
200605220003
200810170004
200601120014
201107080007
201212120003
201311290015
201104050009
55373
200401200003
37769
201006220011
201307220002
201210160003
201309110005
200512210002
200404060005
2050
200809190016
57568
10225
201303220001
201405050003
200903250001
200108130004
200610240004
200608010003
200608010004
200108130012
200108140017
200209160008
201310080004
200108130005
200108130002
200108150008
200108130003
200108130018
200108130023
200108140001
200108140013
200108140016
200108140018
200108150013
200108150021
200108150024
200108150025
200108160001
200108160003
200108160004
200108160012
200610240003
200108160007
200610240007
200108160006
200108130026
200108160010
200108150023
200108160002
200107130002
200108140012
200108140027
200108140024
200108150004
200108140023
200108160020
200108160019
200610240005
200108160018
200108160017
200108160016
200108160015
201109160002
201109160003
200108150001
200108150007
200610240001
200108160013
200108150020
200108130014
200108140015
200108310002
200108130015
200108130009
200108130021
200108140026
200108150005
200108150006
200212030002
200811050002
200109120001
200610240006
200811050005
51287
201401230015
200610050006
44291
201307030011
200609260001
57569
45494
30258
201111160001
201107280002
201402120008
200705230002
200711290002
7210
51121
201012300004
201404150004
35347
200205200004
200805150001
57868
40082
52202
34954
43193
200703210003
201205100006
42206
200709250001
201006010003
201403210001
57863
35998
200803260001
56543
201405230005
201410290003
47989
200305280003
199912230001
200811060002
48903
201306280010
56360
200603020005
56238
201404150007
201101280003
36115
41383
46669
45030
200507290004
200507290005
200507290006
200507290007
200507290008
3089
3131
38505
200608310005
49496
47615
201106210012
3038
200512150001
201301040009
3094
201308260001
200709140001
201205310013
200104230017
200104230014
200104200002
200204150003
200204150004
201107270004
200108130020
200108130008
200108130019
200108130017
200108130024
200108130016
201107270003
200102280010
200104230022
200104230024
200102280009
200104240006
200104230023
200104230026
200204150001
200104200006
200104230003
200104200008
200104230004
200104200010
200104230005
200104230006
200104230010
200104230001
200104230009
200104230008
200104240013
201205310011
200104240011
200104240007
200104240008
200104240012
200104240010
200104240009
200104230011
200104230018
200104230012
200104230013
200104230016
200104230015
200104230030
200104230007
201206060001
201306200008
200204150005
200108130029
200406230007
200103020002
201206060002
200104200011
200804070001
200104200003
201202030009
200902260001
200712170007
201310310002
201409190004
201108160001
200810060011
201309200006
53320
3071
201501140013
200606120001
200805080002
201110040002
200004110004
31343
200003210003
200907210009
200907210010
201109260006
200907210016
200907210014
200907210001
200907210002
200907210003
200907210023
200907210007
200907210017
200907210004
200907210005
200907210021
200907210008
200907210018
200907210011
200907210013
200907210015
200907210012
200911250009
200907210022
200907210020
200907210019
201003160001
201107150001
201101240005
201008110002
200512280001
40697
200707020013
7221
200908040001
201010280004
201010280005
200604070001
10435
201501140015
3929
10173
201011300001
201104110002
201011300005
201011300002
201011300004
201011300003
201406120012
201504060012
200310290002
53007
200009250002
200706060010
200810030006
10187
201305100001
200701230002
201409220003
41380
200507210001
200803270001
201001150002
199901080001
54558
201103090002
201007160007
199910250003
43325
10195
201003230002
200906170003
9095
45621
200405060004
11559
54465
200701310003
10192
201311210007
45233
201004150008
201209240001
201411130009
201411210007
54303
200912080002
201108110010
201404020004
201109210008
200612060007
200904060002
54636
201004060004
201004060006
201306190003
201208290006
200009290005
201306210007
201501090003
57181
49454
200804110001
49490
200501130001
201112050001
201409100001
200212110004
201207230001
42815
201503120002
201501070012
201501270004
201401100002
56119
201204250001
201210160007
201305030005
201002120014
199901130004
200007250009
200209040002
201301300002
46076
53336
56775
49808
200304070017
200904130001
201205100003
201407170002
57685
57756
200806110003
199904160001
201312130002
200909210006
200707270001
201112280004
201302110001
201209180001
200807140004
200803100003
200708100001
201410060004
201012030004
201007080010
55985
200807250001
201208060002
201206060014
200208050001
201204120004
201403250001
201501270003
200710310001
201407070004
200903310005
200402190006
200701220003
200803100001
200803200005
201011190006
200811210007
200906020009
200711260006
201110270006
201306200007
2207
2206
54459
52946
44199
201109150001
201102250003
201410160008
200306100003
200306100004
200306100005
200306100006
200306100007
200307020011
201502190001
200803030002
200609060001
201205310001
200806170007
201503110002
8488
52830
201205170001
201404090002
7157
201503250003
201304080001
200405210005
201312090006
42632
53261
199912100011
201303130010
201404220004
201501070001
201106290002
43674
201003300004
201502180011
200208270003
57320
201209190002
56647
201501280001
201405130006
200704270006
201006010013
200711050002
200911180006
199910120003
201301280004
200810080006
36560
201503120003
201411120002
200701180001
200110030004
57127
57124
200411020006
201409260002
201206060012
200809110003
201311150002
201402120003
200705110004
200707110001
201012300002
54337
200906160009
201412050001
201504020002
201407020001
201303180002
44026
201005070001
200807220002
201410240002
46747
200307250003
200908280008
200601050001
37486
54454
201211050011
201502180013
201411130006
201407300002
53243
201207250002
200204050001
201307230002
200710240001
32646
201312300001
45651
51131
200910070016
200503110002
200608290008
201501260006
49364
201007080007
200103010002
201111280001
201011170006
199912230002
201208030005
201405150003
201309200003
6665
201504060010
48743
200212110005
201008130005
201101070007
201412010003
201207100001
200711200001
200007250019
46671
200801020001
201105230002
201208030004
200407220001
200809220009
201501300004
55789
201501070003
201007160001
200807010001
200201090003
39532
47819
201206260001
200904300005
48004
201202230002
201305240003
1691
201301040008
201406230008
200602270007
201404230001
201103090003
201112280002
201403120001
201312130003
200103300005
53225
200405180002
1794
200908100006
200704110004
201010150013
201207050004
200102280001
201310160001
1511
200508260006
33896
49992
201002230001
200309030002
200309030001
200911090001
199912030005
201106300004
200210210001
200509200001
200510060002
201101310003
200206070001
200206070002
200708080002
201312300002
45300
200411020002
6294
55919
201308120001
200611210002
200804140001
200607070002
46001
201502180012
201302080009
200704120002
200102070001
200102070002
200406220006
57126
52772
201002220012
1795
39246
42888
200812220001
41145
201210170003
201503250004
41789
200507130005
201104070008
43472
200511020002
201111090001
201411240003
200702200001
201006010005
200603020004
201401230006
200911030008
201408250009
201301070003
200509290002
56196
56197
200011300002
40540
200412130002
200308250002
36215
48235
1510
201409090003
56665
53403
200403220004
199906250003
200305150006
201209260001
201305030002
200806110004
200706180006
46444
200201230007
200106210001
200702280006
45782
49135
201503120001
201004150010
201312160002
200204020001
201104280001
201111100002
54487
201412310001
200908060003
201410160009
201312170001
10074
200803070008
200101020001
201103100006
200409280003
201301300003
200303200003
201202090004
200804240004
200803180004
201310230005
200205170002
201202210001
201103230006
6165
199912140001
201402240003
41776
41775
201411210003
201312170002
11116
201012230001
57481
50731
201106150002
201106150001
201106150005
201106150003
201106150004
200504080002
200907210030
201204030004
201304040004
201402070002
200612120002
201503310001
201304250008
10148
201303130014
201108170001
51939
56677
56612
201105260001
201404020002
201408080001
200210010002
201502230002
201108110003
201501050001
200007070001
200504070002
49305
200108100004
200910070018
200809110007
201401100004
200801110004
56328
200809250012
56042
55483
200710180001
3404
199906250004
201407210002
38976
43219
200811170001
200612150001
36635
200101310002
200905280012
200905280003
200905280004
200905280005
200101220001
200911190001
200905280010
200905280008
200312160002
200312160003
200312160001
200912100009
200103260005
200905280006
201210100005
200905280002
200905280011
200411170011
200905280007
46380
201410240004
200905280009
201301150003
200608290003
200210030001
18046
201306060018
200710250001
200502090005
200503100002
200409280002
200604180001
200409030002
200106140003
199903120002
201311290007
18279
36964
201407300001
201007200002
56246
200308210003
200402190009
201304180007
6674
54851
200602010001
56115
200511150003
200210210002
201311070006
201501070004
56329
201306060019
201306060020
56045
200702210001
200502110007
41959
53125
46744
31112
201206060020
49270
200708140005
201210050006
201101180001
200902130001
201307030016
201503160002
200108270001
200811070002
201407280002
200612080005
201309050003
40278
200501270012
38336
200103270002
201409190002
201106210003
201109070001
201504060002
200802120003
201106300006
200306060005
200603060001
56511
44925
51012
200203260001
4041
57895
201108110008
200606120013
200808150002
200612050002
46862
201009080013
201301040012
43294
4011
44778
54468
200511080001
201112080007
201011120004
201308210005
32433
201209210006
200810310002
200502180004
200102080007
201212120009
200802080001
40226
201207120002
200508230010
57158
200105010001
200703070001
200803310003
200209030006
200211120001
200911060002
201307030009
201106100008
200408300004
200704020001
45786
201401090003
200508120001
57199
201209190003
7051
200911250007
200607210003
201009290003
201008130004
3499
201104290004
200711150001
200101180005
200304180001
49803
201211050004
201212130002
4009
38437
54125
200605050008
200210170003
200602140003
200610030003
201010150004
201103210001
200703050002
200009070006
201501140010
201205170005
200606280001
11075
1919
40078
201212120008
30624
199912210002
200110290002
57200
200512150003
33413
201202240004
200410260006
47748
200010060002
201406020001
201407150002
200412140007
200511210004
200612050001
200604050001
53192
8515
201009140005
56811
199908190001
200311250003
200612270001
200511080002
200802210002
200408100002
201304250005
200102200003
200407010001
200612290001
201208060001
49262
199907290002
200610240009
47995
201502230001
201306060013
201208290007
200509120005
56996
200806030010
201006110002
201104190002
201110260005
10140
199905030004
201101060003
201503160003
47871
41802
200407150004
54600
200710100002
47979
50932
200701240001
201305160004
200205020008
199901140003
36409
201303190001
201407250001
201202030012
201203190003
30162
201411240002
200911250008
201501260004
201410070002
201503090006
200901270002
201408080003
10056
56241
200111140004
201209070008
200009290003
44005
201401310003
200212230002
49805
49453
200804240005
201102170001
200712280001
201503160005
201112220005
6172
201311080001
44129
53035
54048
52005
200006190003
201203150003
201211270010
199910070003
201412170006
35160
201012160001
200912100002
18061
57607
37872
199901280004
201410150001
201503260001
46674
201312230004
201009270021
201009270020
201201040005
201010150016
201010150017
201008090011
201008090022
201008090021
201008090019
201008090010
201008090018
201008090016
201008090002
201008090015
201008100003
201008090004
201008090006
201008090005
201008100004
201008100011
201008100008
201008260002
201007190008
201008100002
201008100006
201008100007
201008100009
201008090024
201312270001
201008100005
201008100010
201008090003
201008090017
201008090012
201008090009
201008090008
201008180001
201008090007
201008090013
201008090014
201209190004
201104070001
200705110003
200808290002
201208210004
200807140007
200612010003
200910290002
200906150001
200807110008
46995
30590
201011190004
54633
54634
39245
200904280001
201501300001
200308070006
200508020002
201403190005
46064
36915
46916
201309170002
201103250001
18374
200809220013
200010060004
201301300001
56962
200802080003
199902120001
201311140003
8157
8156
8158
199907150008
32407
42037
201304090002
46914
51549
11583
201003100001
201109270002
200206110006
38607
38608
201101190006
200903100009
54324
50516
52996
31753
200810060012
30666
200709130004
201112220004
201312230005
200703290012
200809220012
35590
38135
201309260003
200701090001
201412180002
37212
201403190003
31675
201209210004
201501090006
201303130008
200612270007
200612270009
200612270011
200612270013
55551
55278
200909210004
55279
200610040001
54885
200801070008
57370
200105040001
200508090001
11299
32570
201211050012
201110270002
200805010001
40451
201208080001
54926
54387
201412230001
201406020011
200103090007
200103090003
200103090008
200103090001
200103090005
52287
39033
31241
201407020004
200501260001
42280
200908140007
201503160007
35557
201402280002
199901250011
201401160002
201310090005
201410150002
201410150003
201410150004
54749
200502180007
201109150002
201411050001
55829
200910210003
200110110003
32966
11338
201502050004
200109210006
200112200008
199911190006
200405040006
200111280002
201312190010
201310220010
201306210001
200605190005
201208290005
201110270005
36612
201202290005
200407190003
201210050002
201404020001
201406020014
56644
200708280004
201111080001
201207240001
201504060006
200909080004
200301140001
200510250001
201105240002
201004290011
201309260002
201008100014
200404130003
201304250004
200106150009
200007120001
54635
201406120011
201412230002
201407250002
200809190003
10112
36516
48012
201109210003
201206200005
200808200002
201007300001
200809250006
200809250007
4010
200711140001
200601270001
201405140003
200907270004
201410310004
201306210003
200102010008
201502050001
40041
200910070005
48016
201406090001
55155
200310060003
49657
200609180005
200112170007
31340
8800
201204050001
200712170018
201409290002
200211060001
200303070003
201310230004
56106
200411150001
200807020001
201309090010
53089
201408200002
200406110004
200508260003
54840
42996
201007300005
200006280005
56430
200712180010
48929
201302120004
201012140007
201211190003
200009010001
200410280009
201202230003
201001290003
200706150002
201007230001
43813
201408200003
200206180003
201310310005
201301230008
201410230001
201206060010
2858
201009270014
201212120002
201205310007
44601
200905070001
56347
201412100005
200706180003
200701240005
200209030002
200912030001
201106210010
200612270015
48650
201301230003
8799
201101280005
3566
200112170006
201402120006
201006070013
201306190010
200312010002
3822
57797
201301150004
201406230006
201204270007
200404020008
45141
9968
201310290006
201310290007
3569
3568
201408190002
201204090004
200408260003
44987
201202210003
57877
2901
201201100005
201309090009
1877
201205310008
38762
201410020004
200611170002
38551
34040
201301230007
201108050001
201008230005
201306280004
201310230003
201403140004
200502100001
57084
201302200001
34565
47010
200306180001
199910070004
200402200007
201209210005
200708170003
201010190006
56066
54291
9973
36157
8804
200902180002
200407290001
201306280005
200806060001
201207100005
200611170005
52281
200605170001
201109290003
51779
200209130005
9974
43009
201110130007
199908020004
201004060008
201003190002
54350
200710300001
199909150002
47649
200909080005
32567
46407
51384
33068
9965
200605230010
3571
200707190006
201303080004
33612
200407200003
201406120001
201211160001
3922
200611210009
201304040007
57419
8077
201303130004
200207190006
47006
45046
200404060004
200711260007
201005120001
200809110012
201206120004
36687
201005130002
201202150002
201409050008
201404090004
201110170004
201301040003
200809050005
200802080005
200710120004
3015
201408050002
201309200004
199907120007
46818
200706130005
200911300001
44589
200203180002
201502230004
200511040002
51243
201202150004
40444
200209200006
200409170005
201402200001
200209130006
201310030010
201208160005
201412170004
201102280002
201306250005
201306250006
201412240010
201303130012
200904030001
200010130004
201009170001
201007080020
44226
200307310003
200505230009
201001060022
200711260002
200711050001
34345
201202150003
201201170002
201109290002
201406040002
47591
57819
56808
199908230002
199911120002
201108290003
37203
39308
44475
201408080002
201105130007
200512060005
43035
55956
3572
201203280001
200503040009
201106210023
201005130001
201501210001
201502020001
200701110010
200701300004
201304080002
201102100001
200605190002
200212230001
201409180001
200803070002
9542
201411130002
200404260006
8732
200209270005
200104300002
200612260001
200711090001
201306210006
46966
201203280003
200406020005
200903100003
201112080002
3520
201408080008
3218
200707120001
200302060003
36662
1752
33812
201012160003
56532
200911250003
201312230001
40294
200006280004
200407230002
56502
51076
200107310001
199906040001
201306210004
201010080001
3219
201404100004
201401240006
48313
201301250001
54573
200810080010
201203130003
200407090003
42002
201006220014
200601170003
200905070002
200105100004
201409050001
201307160009
201107080006
201304250002
201207310003
201012100001
201009270016
201210290002
48155
42049
201307110001
200905210006
200809110008
201112220006
201402120013
200805140001
201208100001
201303260005
8772
7917
201208210001
200307070001
201002160002
200604100005
201304190001
201211270008
201211270009
201101250003
201307260001
200609200004
201405060005
201202030004
30263
200508230001
57541
200612270002
201207260001
201302080001
200411090005
200508150004
57792
2051
42412
49650
201310170004
201301040001
200909240001
200503300007
51537
201010150006
55035
200801040001
201504060014
201203080007
201502180007
201306200009
200208190002
200208020001
201409220002
44024
201203130001
201502180006
3123
3278
201206180005
200601120011
201003100003
200402050003
200512150002
47644
201306260001
201504060013
200404020001
201501090004
200112170003
199911190007
201503160004
44069
51260
200007240003
201101250005
37807
10473
200603100004
201110270001
52285
50746
201412040005
200903180003
199903090002
201501210003
39936
200803040002
200610050005
52851
201208030014
200806100001
35692
35958
49234
43357
201405300001
201312200001
56114
201010190005
200109120004
201109090006
200008240001
48997
200611140005
8734
200809190015
200809190014
3220
44479
201412040009
41030
57212
57213
48284
201312300003
201101200001
55775
200308070001
200406290002
201307160012
3121
201305080003
200510210002
201406120009
201312090012
50666
200206130002
201411210006
200708280002
200311190004
8730
201308280001
201003300005
200501270003
10488
201208210002
56793
200403030001
201401020006
31632
200807160004
49467
200604180005
201103310002
201109090007
200209130004
201407160001
10486
200606190003
200404060001
201402240008
201306060011
201310110001
51192
38045
201112080006
200007240017
44108
57357
201404090008
10504
3314
199901200001
30505
200308180002
57004
201304250001
200612270003
200708170002
200808070001
200305130003
200404150002
201309270002
201102170004
201209190001
200112270004
200610200002
200008040001
201406040005
201501260009
200210070006
201406040007
201105090007
47672
200908280007
55176
199909300001
200601270008
200608290009
199909030007
200601270009
200807220001
39597
52451
200610120001
53101
200211180005
200402270002
200004110003
47831
200205230007
56226
201101250002
200806190002
42870
201503090008
56795
200810080011
8026
56280
3312
53121
201404090009
200709110009
34716
56791
200406210001
201308190001
201205150006
201202030008
200510140002
45034
201406120014
200809250003
200911040001
200401140006
200807220004
201012160004
200111050016
56688
200208010001
201110210005
200204290004
200103160001
56606
200312030007
200410050002
201106030007
200402130001
201208290003
201003300008
201402240009
57731
200707100003
199905270003
57724
200709240002
200206100002
201205310009
47574
3178
201002160001
201404100002
33171
201206150006
47161
200710120003
9281
9280
39695
200309120010
201502230003
201310170003
201011190001
201503310002
200910070013
200708220004
200007310011
201405130009
200403020001
200207230002
201009170003
30932
200810010017
33471
200203270004
200810010016
8687
200901290002
201404020006
201007280008
7119
200704260002
201310290002
200602270006
201301250004
200810160001
200110300006
200411080008
200911180008
201010150012
200701030001
201401150001
201203160001
201203160002
201010220001
201111230005
33872
200312160007
1592
201312090020
200609190001
201212130006
201210300001
200812230004
201306060012
200912080005
201301180002
201305080004
201502030004
201211190006
200710160002
55556
201201100004
200910280001
200910280002
200312080004
200610230002
200610230003
25244
201204230003
200309260004
200310160007
201312270013
201211050001
57648
201407170005
200102270001
201111020001
200506010002
200710160005
200611220001
200803070004
44592
44836
201110060003
201107180002
201303220008
200404020006
200312080001
201403140003
201109260003
55921
200805210001
200703270001
201012020005
200612080002
200111140001
200501110009
51132
200801030012
201502180001
200202210004
201407170001
200902120001
200310090002
201103030009
200510250003
200003300002
55132
201303080014
201006300001
42279
200802260001
56689
200307220008
52487
33740
199907160005
201001250002
200910070014
200910070015
201407230002
200910300001
201102170003
200008230006
200810090004
3060
51963
200706070015
200706070016
201405130008
200908030002
200203220004
201407290002
201404180001
201310080001
201504060003
35536
200810010005
199904190002
200707020011
201008230003
201212130005
201503110001
201003310001
200812300005
201301180001
200707110005
57842
201411170003
201107220004
53321
200109210003
201003050001
53417
200110300005
200406040001
199902190002
201003160006
200401070002
200603230007
201312090008
200802200002
40343
200908260002
201406050003
39659
3284
200308290006
200304030014
200111060001
200207190002
201205250001
201205250002
201205250003
201205250004
201205250005
201409190001
201205220006
201208030013
200304070009
200206110009
200509120002
47348
47340
40621
200702280005
200411230001
200908030003
201009270012
43812
200612110002
200302100001
54711
200912300001
56987
200111060004
200111050010
201401100003
200411220001
40453
40635
200307290004
199905240003
45264
201201090001
200612060004
201006300007
200905040001
201003030006
201106270003
201304040003
201105200001
199911180002
201101310008
200405140001
57107
36053
56759
200812040005
46397
201406020009
36198
47808
200602010002
201011120003
201406120016
54180
201406120017
54179
54184
54176
201004290022
38115
3271
52703
54437
54744
200702120002
54694
56965
201401230008
201410010001
200708170001
201311290008
200711280007
34765
57100
56282
200112060002
46232
33572
42753
44542
200606190001
56485
200112050001
199909070001
201209110008
200512210003
201204090006
43574
57812
200609080001
200305220004
200809300001
42946
54354
34627
200303070004
51538
201210100006
201305240012
9537
201108040001
200703080003
201106270010
201106270009
200209190002
201004120001
47338
201311250010
200501110001
201406020008
200403220001
201101070008
35113
200103130001
200910070021
32961
200712180001
57671
9532
200007310002
40204
44774
200309100006
200509290005
200411030003
52692
201105090001
56970
9516
57008
201206120007
201102110004
201301140004
200709190003
200704040002
200908190002
201503160001
200704190001
201007190006
42207
200202190006
201102020001
201412180004
201108260002
200510170002
3309
200406070003
53402
200901200002
200107130003
200609260002
36731
200911030003
199904140005
201201100001
201409190003
200712190001
200304070015
200511300008
47981
200809050008
201202080001
200705070002
46929
32963
2425
57347
45670
199901250009
40966
199901110004
200909010006
41994
201210110001
57066
7102
199903100001
56415
201008270003
201308130003
41623
201405130002
200505230008
18033
200512070001
201206060011
200007070005
199902010001
201101070001
3749
200202190005
53012
200810030010
201412040010
200203060003
200002090001
200506150007
201001060003
41479
35771
201001060005
201411100003
39032
43041
201001060004
201001060006
201501140011
201401090004
200505090004
201002120013
201002120002
200908030011
201303280001
201402040004
200807250002
44439
199901250012
46825
201304110003
200712170025
201311070005
200009180004
200611060001
201502130003
200707110006
201311070008
201106210009
201210250002
201401310006
33138
201303220005
200512210001
201502090001
200805200003
201203200001
201408250007
201202020001
46834
200810220003
200312260001
201406050002
42050
200709100006
57184
201402240006
200202060001
200909230005
200512160007
201312230002
200112210006
200605260001
201405060004
200006090002
201008060002
200202270002
50862
200708160001
201501220002
200005030006
201503200003
200810220002
199906030006
32589
41462
200503290006
200909210001
200503180005
201401160005
8293
49362
200409070001
200408310010
201310150002
32526
201107290003
201404150010
200606020001
200010120003
200701110009
200612070001
52811
201402240005
200903180006
43871
200206110007
49685
200803200001
38958
200304140004
200301020002
201009080011
201301230002
45187
38879
201311120001
201001120004
34548
201306190007
200903090002
201412150009
200706060013
200506060001
45321
200508260008
201002120011
201303260008
8591
7775
200405130008
34209
201310220009
56100
201306180004
49837
200912160005
201007300004
200711150004
201103090001
201205170006
47509
200710180003
200801070001
10605
200509070001
200206200003
201401230011
200203220002
54640
44322
8599
201305130001
200110050001
201307180001
201311180002
200309180001
201103100003
36313
201502130001
200512160002
46404
3690
199901120007
56324
201303220012
34871
41892
200807110003
35887
8940
201312270009
201203260003
201403240005
45489
39656
200409170003
201307030010
10570
200510030001
200210230005
200903190008
45856
25270
200809180002
200201310005
201408110001
1766
201403180001
201008250001
39657
201410080002
201306240002
201304180001
200306270001
54862
54906
201503090002
200908030010
33673
43456
201311290016
200307030002
8923
200409210001
3351
8912
201009080006
201112220002
200007250002
201409160001
200008230002
200701050004
201404090005
56033
200509290003
200907010001
201304240006
200404260010
201407080002
45458
41884
200702210007
199908090001
200611270005
201404220003
33830
201310090008
201503260002
201309250002
200309120001
201207170001
200207030001
201211150006
201404240001
201401310007
201111020004
200103090002
200403040003
200608100001
201212070002
56024
32672
6201
201501200003
201202230005
201307030008
200408310011
200210030002
200910290003
200209240001
200912080009
200004270006
201408250006
201209110007
35842
11580
201207310001
201303270002
200203280007
200109260003
200902270014
3277
200108280008
200407230003
200604030001
47797
200311250001
1735
200904090001
200111270008
200101100008
35709
201404100005
200803070012
56158
56306
201209110005
2316
200207220001
38813
200703140001
201410310003
38363
200006070002
200612010001
200003070001
201007280001
11859
201301070002
200403040004
50891
201408250005
57506
45542
200012180002
201307030006
7840
200406040003
53262
55778
43306
200306020002
200002100005
201201100006
200707110007
201303080002
200905060001
201211190001
10919
43291
201302220002
201302190001
201001190005
33870
11581
57723
200206040003
201410070003
201410310002
200006260001
199909200002
201411100008
6107
200407230006
42109
201407070005
201011040009
201412010006
200507070001
200612150008
201402200003
200805160001
200010260001
199901140005
200101090001
45357
200108280007
201501300002
200410280005
8887
200101160007
44684
200204010003
201311210005
201411030002
200509090002
201408200001
201501070009
200108280003
200110020001
3116
200208190001
7415
200608280001
200710090004
200602220003
200006080002
201011170003
200809120006
200409070003
57662
55813
200410010006
201407110001
56359
200203190007
201108310002
34911
200909290004
200909290014
200909290005
200909290015
200909290016
200909290018
200909290020
200909290021
200909300001
200909290006
37181
201405220004
201403100005
35316
201101310002
3195
200207090002
200112200005
200201160013
36631
30044
201305300001
201305300002
201412100004
200605190014
200507080005
200110220002
200003220001
200901290004
200002010004
200002070008
54318
200810100009
200908280011
200606050015
201501200005
200510050006
200905050004
200706110004
201102110001
200609130007
200609130004
200609130005
200901290007
200410010002
201410300002
43765
56089
201304040002
201412040002
200301280008
200309190006
199911020004
200508290001
201404220001
201104010001
201011040003
201308010001
200404120005
200204020005
200809220015
200309190002
200501040004
2204
201411210002
200112270001
200505110003
200104160003
200306090004
200404200001
201405270002
201311290014
200002010001
200812220004
6500
200305010004
200202150001
200501180004
45723
200112070017
200408030008
201410100006
201308090001
200801150003
200407140007
200411080014
200205100001
2848
200512130001
57044
200001280007
30769
200310060004
201309240003
200208050005
201204270003
201011040005
35583
201109290006
200805010002
201005280002
200104130003
3549
200106110001
40077
200210010003
201303130001
200609130006
201302250003
37483
200806050002
200408310007
201301040010
199909280002
201004070001
200112260004
201310030005
7635
200809220010
200307140007
201310040002
200012290005
200401090004
41818
44779
201111160006
201407080001
201302080010
48468
49271
201211190007
201402040002
200211200004
200708140006
201309190001
201403140001
31774
201301040011
200708070002
201412240006
201112140001
200905200003
200811060009
11074
32712
199908090004
201501140001
201302250002
34344
200706070008
201108050002
200410280006
6976
201408250004
47108
201106210022
48574
3930
56055
201503250005
200902200001
201501140003
201302120002
200812190001
200801110003
200301160011
201403200002
36425
201308090003
200806230002
201403140010
201503270001
201112270001
201202210004
200402110001
41575
200412140003
32348
200802250003
201003230001
57208
200510270002
200605190009
200412150005
30137
48583
56101
201406230007
201111070001
53158
50504
200401280013
31427
53169
200406040002
56303
201211200004
200704030004
3179
39875
201409240001
56936
200009190006
200009190004
6006
200006280003
200810140004
40216
201311120002
57160
52677
37653
200703190004
200812230008
48210
48215
48217
200403010004
201307220012
201007190004
57750
1406
7724
200706070001
201410270001
8452
200301080004
200605150002
56082
201109290007
201009270008
8476
201404150001
201403140007
201210190003
200207300003
201303220011
46771
200912160006
51127
46408
200611270006
201002220010
33543
201102110005
57042
201307220009
3721
201204060006
200912100004
200604130002
200806020014
11630
200203190005
201009010002
55181
39321
200904290001
200107240003
9790
18307
200910070011
200509270001
3612
3595
55312
200008300004
200303110004
51286
53131
201003300007
48165
200205200008
201205220004
201002220004
9606
200411030001
200108020002
201307030005
8464
201401310005
200404020011
200107230004
201207100004
201208080003
8459
34555
200802200004
200109110001
201106210005
200508020001
9142
199904270001
54899
199905240005
199904260005
34975
8479
57289
57467
200606130003
201211200005
200709190005
201305240006
33755
40142
6093
9584
200612060005
200601270003
201205170002
201501270001
201307220010
3882
36403
200310160006
200912160009
200810010002
200703080002
53379
201410100003
40543
45763
201501260008
201005050001
55189
199909130005
201303220003
201204060004
12176
201503240002
45712
200308190002
48157
36190
200908270002
42823
200303280001
8252
200807140003
201409300001
200912100006
18358
9605
57500
200508170001
199906250002
11733
42883
3213
201305070003
201307220003
56686
200911120009
200811030003
201403040002
201003100005
201301150010
200505230015
200512090004
201412230005
201304240001
201501070002
201209110002
200712170015
200502100003
201004290004
54905
201305080001
18072
200902200002
201408070002
54424
201211150008
200907270006
57871
201401230003
32101
201206200001
201311150004
201310030002
201104050007
55316
200810030021
201501260007
200702140003
201002220005
201311150003
201310230001
201310220012
39121
200806230005
43130
201012100004
201406180005
36430
199906110006
201308220003
200609140002
55955
200312170001
200111290007
200809180001
8570
54565
201009270004
1878
200603310001
201502060001
201104050005
201008160002
201412050002
200209110003
201404230003
200811140001
56593
57827
201405130001
1712
200602090005
53478
200705040007
200606130006
200207230004
201306180002
201306190008
45677
46347
200206170002
45678
200208280010
201109120001
201105060001
43156
201106030004
200712040005
201204230006
200812120002
200704040009
45834
46734
200403180001
201307030013
201405020002
199912010004
201410030001
201410300001
201103300006
200502090004
200106180017
200501110004
200006080004
199904260002
201310080007
48316
48011
201209280003
200708220001
201309050004
201207250001
200906020013
201101110003
44354
201104050006
201403200001
201310310001
37166
201206260003
201302120011
3940
3979
200006160002
201303080007
200208280008
200702060007
201301170002
199903020006
49505
201503200001
200906260004
200501110010
1696
200007140001
50515
200810220018
42743
201312120001
31598
201009290001
46690
201204160002
201401060001
200805020001
201106030002
201306190002
39399
201007160002
201004220001
30454
201104260001
55852
1791
34992
200705010002
200607030006
52337
200501270008
200202130001
201309240001
200710230015
201106210018
201106210017
200502080001
201112190001
201006300003
201408040002
201205220003
201308070001
201109060002
201106100007
200610180001
200806020005
201202210005
199902090001
200003080002
201111040001
201502180010
32395
201303250001
200102060001
52492
201209110003
200605260007
201007080008
200210010004
200709210002
201502180003
201403140002
201003040002
200309230002
201209280001
9289
200906230002
201106210004
200605010008
200903190001
44424
200801170007
201504060017
56613
48079
46441
200912160010
200403040001
200207290001
38477
200909020003
201208080002
32241
200708300003
201108020001
201103030003
201408250008
200707240008
201305240001
201111230002
200208060011
200710040002
200801030003
200205170009
201008100021
200906230001
200803180001
54804
200407220004
200811030008
201403040001
8314
201210170001
56235
201007230009
200108280001
18278
45815
200803030003
201410020002
201305130006
200910210001
201108230003
200411190003
53202
48537
200002160001
200402260002
3281
201001190004
200910260002
11768
201204060005
200907150004
3859
45487
201402240004
201404150006
12055
8688
38797
201307260003
200411080002
201305160001
1785
39311
56009
200510130012
200912170005
35739
8972
200205290002
8312
200903040003
3773
200801030004
41572
200805070005
201410100005
30640
57783
201303080012
35792
201410080001
200906020004
46938
200704130001
200910290004
200710110007
200902090002
200205230003
201005030004
201502020002
200507210003
201104050003
200806170005
31345
7934
200311050012
201007200001
35596
7514
51411
201309050007
200503300004
38940
51774
45259
1781
7429
200408260001
8713
10801
201306280009
200701220002
200711160001
56725
200209180001
3181
6405
201001060019
200008170001
200804150006
201201170004
52713
200812240001
200508300003
45690
8715
201008100018
53930
36226
201307230003
200809110014
200707110003
200809110022
8115
200602080001
39335
8716
200906150006
51345
11724
200107260004
200506170001
201304260002
200203060006
200201240001
49452
200803180002
41557
200006200001
200106220006
200111230003
201411180002
200511300002
201207230002
200601120003
200411170009
37867
201309110002
201006220012
55883
33469
201009210001
200907150006
201211050006
201205150007
200609070006
52902
48049
200008030002
201303140003
201203150007
200910070004
200910070009
6797
200307140002
201302080011
201412010007
201308050015
201010200002
1880
1881
200709180001
200701020001
201009270002
47909
201401020003
3266
200906250002
200711060001
200012200003
201010260002
201402070003
10648
200204230003
201306130002
43152
200204230007
200204230004
200601310007
200409020001
200603170003
200101050005
199912010006
201406120013
48939
200607280003
49386
201503230001
200009050001
8259
41033
34071
56065
201501300003
201306060008
201408130001
200601050011
201312090016
55034
200009200001
201106100006
3339
3604
3644
201406120015
39760
36669
200110110002
10636
200912080007
200706070010
18103
201210230001
10632
57726
201210150004
200912160003
200303240002
200409160002
200305150003
200405180001
36498
200707260003
18023
201104190005
200602070001
44396
48136
200509130001
200910070010
201410170001
200511020010
201409230001
48542
201312190009
200411220006
201402050005
34421
201412150001
53207
200109120003
53345
201307030014
201405230003
201203210001
200606120012
201301030006
200806030004
201004290003
18094
200403250001
199910050004
50047
18105
201503160008
201012030003
200204240002
56534
52781
201101240004
200503040008
32559
199904220005
49926
201209210003
34828
200209300001
8851
200010230004
201209060003
201009240003
200706150001
9644
200808150001
200203260004
38568
201303200001
1394
8852
201201190003
200810060008
200107100001
53263
200509130003
38718
200912210004
7718
52445
11161
200808150003
200001130003
200707110002
200008220007
37570
201305240009
40330
57799
201309250001
201406130001
201010150001
200606230002
36545
200701160002
200710250002
201211050007
201111160004
10853
49288
9666
7358
56436
201502180015
200502250002
200808180003
2370
55670
54818
45543
12242
39355
201104290005
201407180001
201408040004
200808280001
201210040003
201210040002
200112070005
200206270001
201211270011
35011
201302250005
201409050009
200809220005
200010240004
201405130007
199904130002
1546
201110170002
200502020002
3640
4049
37214
200404070004
200812160001
7961
200405100003
201503170001
201210150006
50620
1723
201205140003
200307290005
200510050009
200310230004
200307080002
200612050003
200711280001
200101160001
200710020002
200901220002
200204020004
201202210002
201405270001
201412010001
57161
200701240002
40332
57873
30399
200303060004
201105030002
3340
200609250001
56556
200710160003
201306120001
201312090010
201212130004
55669
200803070001
201111150002
201310220006
201110170003
200206240001
40698
8881
201408080010
9651
200404070003
33077
40234
200402040008
9319
201402210001
48071
201007300002
200410010005
200307220012
200309050001
200910070003
200405170004
201407280005
200802140001
200812090003
201107110003
52104
50315
199908130005
201305130009
31751
30075
200503300008
200109280006
34684
201203150002
201203150001
200701240004
201108240001
200710240003
201212120001
54240
47720
201101280001
38554
201501270009
54129
200908280003
57253
200905200007
201308130004
200710110001
201208160001
199902110005
200209240004
201301140001
56289
201501140007
8968
200511140003
201311290006
47717
200712170014
201211050003
201301040006
200106140006
56268
201402070004
201201100007
199909160001
48693
200606300004
201307220011
45629
200208230006
201304120009
38555
9190
200710160001
200012060005
200601050007
8454
200303130002
201411250002
201406260002
201206150001
201001270001
201001270002
201001270003
201001270004
201007120002
201406260003
201001270005
201206150002
201001270018
201406260001
201001270019
201001270020
201105090008
201001270008
201001270022
201302200006
201001270023
201001270011
201001270012
201001270014
201001270024
201001270009
201001270015
201001270007
201310310003
201001270006
201001270016
201302200011
201001270017
201001270021
201001270025
201001270026
201001270029
201312270003
9135
35741
200604040001
52965
200806060002
201009290004
201503110006
201503110007
200108220007
200308210002
39933
43566
200809250009
49004
200810030018
49499
201304110007
201105090003
200704180004
35698
201204190001
201312090013
200710230003
200812220002
201503090004
200001120003
200408050009
201307190001
201411180001
35607
201312230003
200608010002
11944
200910160002
200303250003
200308270002
40850
200407140005
201207050009
201208030009
201001120001
200008300006
200008300005
201010280007
200312240002
200703290010
200412150001
9638
200909010003
201307160014
200607060001
200308190003
41560
35615
3378
201201310001
40203
11795
200904290002
37624
54961
201112140004
44012
201212120006
200703290004
30739
200311200004
56892
6496
200209160004
201009090003
33086
201206180002
45387
31969
45088
201408070001
201101200003
200907150003
200707170002
200511300001
201407180002
201410240001
200103090024
200704300003
200806020008
51587
201106210002
52807
201006080001
49390
3212
201404100003
201007090001
200704300002
200801290001
50910
201001120005
200508260007
43123
3449
200404140002
43779
43124
37205
200708170004
42973
200705040005
200303040006
200505270010
53709
201210240002
3049
200210290007
200810310001
201307160004
201202280001
200806030009
49220
200902040001
45503
49624
200708240003
200503030002
200908100005
56836
52137
200801250006
201412170007
44112
54081
200010230001
201306210005
10957
200810140006
44474
201012140005
201504060001
201405060002
3434
201312300004
57901
201306250007
200612120003
201109060006
43207
52847
200210300006
200706070018
200704050004
25272
201106090001
43355
43356
48607
201302120003
38759
200409140002
52821
200509020001
200212180001
200001240006
201412170001
201501270008
40186
200801250008
200801250010
57739
201110040003
200108170001
201302120010
200603080003
200406040006
201401230002
57766
200709100005
200310290007
200909100003
200710230004
36426
31798
201504060009
201405060003
200504140003
201309090003
200607180001
200507080011
39701
18341
199903020002
34156
200906020002
10606
201408190005
32619
201409240003
201004060011
200808140007
10568
37173
51382
201204230004
200506230006
201403050003
200710230009
33210
201311010005
48639
201210050004
46780
201405150002
49900
201307190005
201407230004
7270
200301230011
201503200005
200202190002
201303080009
1484
2950
56337
200008070002
33761
6820
201406020003
201403140005
200809190008
201309040004
201210300002
199901260001
48904
200001130004
44590
200503180004
200109210002
201412010005
33447
33445
200806020003
7266
56321
200712190002
40401
6445
39951
200101180011
200508010002
201310150001
201502050002
201203150006
201409300002
199908090008
6809
39533
201401310002
10239
3054
200609210001
3033
3058
200411030009
200411030007
46085
3364
200710230012
201110240001
201303040002
200803260002
200409270003
11082
2151
38008
42225
10556
6284
200102060002
46096
35240
8597
33839
8596
200205020002
200210290003
56386
200604200009
201308050018
201409240002
200810010008
53996
46808
200306060004
201406120010
201411130008
200504070009
200802130005
201008250007
201502130002
200709050001
200810100005
39888
200809120007
38094
201409090001
200211220001
201501200006
200607310002
201008130006
201405190003
200810300001
200810100007
201203190004
200611020003
34023
200506210002
33769
9996
35288
201407100003
201204160003
57105
200601120006
201405160002
201110130008
200904220003
55869
201411210001
201009270011
200209260004
200707310001
9987
201310040004
201307260005
36267
201209130001
199904210003
48441
200005120001
53309
199907220007
200605110004
30226
201206060016
57252
200810140008
6185
46429
201002120022
201404220002
201407280004
46566
43283
200610270004
3542
38746
38745
42377
201410160002
201307190002
33460
201411100006
31813
49804
201502050005
201208080004
201408210001
200011170002
201502180014
201210250003
200510050001
33405
3669
200705080001
200704160003
201404040001
201106210007
201007300006
201008050004
201304170001
200910070002
200511280010
201210040001
199904200002
200707110004
201203120003
200203050004
37662
201405160001
200310150001
37681
201409150002
36227
200401280007
3855
200910270002
31717
201301150006
201410070005
201309110003
49756
201302220004
200805230002
200608110001
201405190002
201106210020
200203280003
200704160002
57717
201009020003
57829
201406020005
48338
3540
201205140002
201009270024
201305290002
200811210006
200201310006
3194
200710220007
200702210003
3202
200911120004
201003030005
55430
42981
201402100001
201410310001
200307150001
201403050005
38100
201106210011
201501150001
200304160007
31715
37392
35307
200211250012
200808250001
200502250004
201212070001
200107170002
43563
201104190006
200508080003
51769
200407140003
200408310013
56425
201208160009
55490
53123
200810090003
199902090006
200803120001
200012120001
200106290003
200709060002
3729
54641
200210300005
201011190005
51139
200806020012
200904170002
201104190007
55807
45606
200708220003
200903190005
201301140005
201411180006
8669
201007080022
39943
201402040003
201201250002
201011090002
201407290004
201407290003
42635
201107080004
200702280008
201405150001
201409150001
201401160001
201402120010
201412150005
200304030012
8306
200203010008
30164
200809190012
200710030002
201504060016
43065
200106210012
201307030017
56287
8308
200201100008
57157
201211020002
200612190003
201409240004
200605260002
44236
201005190006
200911250006
48166
49903
201404040003
201006220006
201312190005
40027
201101240002
201208030012
200903310001
200404290002
200703290011
201302200002
45068
8665
200411190002
201304120003
200803060001
200605050003
201107290001
200605190007
201203080006
201305200001
200810160002
200204260005
45628
39415
200403220003
200806090004
200809250005
53708
201208160007
48056
200908140004
41805
201006070018
51418
201310220008
200705040002
201402200008
201310150003
33996
201110260003
201409090007
200412060011
34456
30337
200712170026
200508030001
201405130004
10664
53462
200211130003
201008250004
47756
56883
1671
200301160008
199906250014
52671
201202160001
199906080006
50743
54663
200909010005
201204300007
201310030011
201409050004
201306060005
52994
200809110023
2068
201303080010
199906250007
200004060002
7249
200105040006
200010160002
201205100010
201403100003
8925
201210190004
31856
54704
56259
49016
200411080012
2154
43711
201110240002
201201100003
201401060002
2170
201012020006
201101240006
36328
200710110006
201308270005
3332
200804280004
201308270004
201202030010
201408260002
201408050003
201411120001
10661
201310150004
38550
201107180001
201406020016
45281
11426
201012130001
200102090003
55036
48945
200705040004
200910070017
200511020003
49015
199906170002
200004100003
48036
49907
201407070010
200110250008
200710310004
200208290005
30451
201408260001
201411180007
200609180007
201205240002
201306120002
200211010005
201303040001
201104200002
52707
57221
200108150026
201305240007
201408190004
200003230003
201308050004
201401030007
201102250001
54603
200308120001
200608310002
201111230004
201504060007
201406020004
47679
199904150002
9346
48866
201411180004
35983
201406060002
200706080001
200910220001
200408300007
31419
201306060014
201502030003
7963
50781
46898
201401240001
31927
200303140001
47200
7705
201410270002
201407150001
201409250002
201009080004
40209
201406060001
38993
10370
200006280002
200504200001
201501270005
200510190005
42767
201109190003
201210150005
39075
200911180009
200111260001
201405230006
201310030003
31923
201310030012
201307160008
200209270010
200201240004
7061
201211300005
43796
7067
200807140012
200401140003
201005280001
201405230004
6725
201309090007
200008140007
57626
201310040001
201305060001
34675
39964
42683
55048
201304010001
201406270001
200808250004
201004290016
201004290014
200809220008
6718
201211200001
201307030003
201408280002
200011140002
200809250013
39094
200904130002
56631
201406090002
200008160002
47228
200404200002
57275
200606130004
201206260002
201210220002
37340
200401090003
42919
3580
200512060001
201409220004
31689
200701050001
12038
201307160007
201409050012
35195
6720
199901120002
201309050006
201208030007
201303130011
35798
200810140007
201406020018
200606280002
38101
200305070001
53208
200807170003
45418
201402120002
200309120008
200303310001
200305300002
54740
48450
39514
200107120001
200408170001
200710040009
201203190005
200407200002
201403140011
200203060004
201408060001
55266
201406020024
201406020022
201405120001
201307310001
4026
200808270001
55984
44035
200010180003
200004100001
200803180005
1134
200611010001
200301140002
200808200005
201005070010
11761
200712050001
200902240001
56611
200707120002
201401030001
201209170001
200101180001
200207050001
200803060002
200901220005
201503110004
200105090001
11327
201304220006
200011130012
31428
201101120001
201009170009
9802
10470
200708240002
49211
201201180005
52469
200203050003
201503040001
200211270001
57242
200808010006
201003300009
10450
201305130004
52725
200006140001
201111170004
201407210001
201008100012
200409210002
201005040002
200209130002
200909010001
200909020005
54721
200209260010
200006070001
200805190003
57283
200506150006
200406030005
200210090010
201210290003
201412240012
53066
200304070012
200107110003
200808260005
3268
50668
31301
49758
3323
201301310001
52470
201104110001
200701300001
200304150001
201205150001
201105020002
39424
200607190003
201103140001
200808010001
200810220017
39454
200302060004
42434
200206110010
200810080008
200809190002
200809180004
200810080007
201005070004
201111210001
38467
201406120005
52991
200001120002
200707020009
200106140009
12014
200905040002
34606
200208200001
41112
200001280001
49670
18176
45199
3223
10430
36531
200401130003
200304290001
200401060003
37980
56608
57303
44488
200312030003
38909
6116
200802130003
200810010014
200702280001
201108040003
200604100006
200808140006
201301150005
201502030001
200207190005
201302120007
201211270007
200809250008
201110260002
2099
45308
200601230001
200511070003
7822
200612040003
3216
200911120007
7944
201411130007
201307050001
200108220003
201004290005
42444
200707240007
200612010005
201105110001
200806020010
201402060004
201010220002
201502030002
57203
200907150008
201204270008
3183
199903030004
200810010011
54310
201108260005
38483
200003240005
3108
200904150007
200010170003
201305030004
201312090007
200312030004
199911030005
200412140001
201502180005
200108210004
200810220013
4069
30566
201410310007
201301070001
201403190004
54329
200501140002
200605050005
201410100002
200604060004
3365
3007
55839
3154
200906020003
200007250003
199910080003
8676
200106220008
199911230001
201007080021
201005200001
3432
40369
4056
200106210011
200709240003
200206040002
34670
200211010004
201202090006
32947
201112080005
55337
8612
201109260005
44103
201405130003
10692
201410290007
201003030007
8913
201011040010
201308270003
200809190001
45887
201106270012
8620
201310030009
7571
200410270001
200512130004
200006280001
51068
201109210004
201408190003
3170
201205180002
200109210004
200702160001
200809110028
54502
201010210001
35026
200003230005
201408050001
201304090001
201306280011
200412060009
3791
200411090002
39025
35578
201306060003
8125
37646
57173
201212140003
201004290002
47643
201012030001
200809190009
7422
200502240007
200801170002
200206250001
200904060004
200203270003
201203080004
44110
46099
200707190009
37296
200607210002
200502020001
200202210002
56172
201206060007
201311290010
200801030002
201111150005
201103300004
11073
200403050002
43323
200909210002
200609080003
200809110016
200902240002
3790
54828
200301280006
200908030004
200307290001
201305030011
57593
42800
200203220003
201105130004
45410
200502180010
201006100001
201308050002
33318
200906020011
45867
201009140002
18218
200304070010
6141
200101240005
201110110004
8616
200007110008
200310240010
201201040007
6706
201402280004
201402060001
200905040003
200104260009
1570
200603210001
7181
32401
47182
200212300001
6712
201501070011
201402240007
201403100007
200806060004
7182
52674
200901200001
200408050007
200904220005
201003160005
200905040004
200905040005
200505270006
200208230007
200203270001
200506150003
1524
55969
36028
200503100007
201408010001
200811040009
201003100004
201403100008
201105040001
201407280006
200907290001
200403010001
200207230005
201409090002
41382
201212280001
201502030005
201211300004
44982
200312230005
201012100003
201502110001
201305280005
201312090017
39438
201409050011
201203280004
49514
201011040007
199904050002
201305080005
201006070004
42078
201501090005
201310030004
201302060001
201009270015
200902270006
57597
53084
35358
201204030005
32958
46733
201006020001
200204230008
3982
200503020006
3670
1807
12221
201405230002
200710240002
7179
201303130006
200607210004
200702140001
201408040003
48095
201405090001
201405140004
200912140002
201101070003
200607280001
201302080012
201404020003
201412240003
199908020002
31395
201502180008
201504010001
41619
201407290001
18076
200612010004
200503160002
201304120005
57610
49686
200906160006
201303130015
201207190001
55227
201204270002
201006300002
201503110008
201402060003
200907290010
201008300001
201206180003
200008240008
54608
10342
200501240005
201207170002
201305030008
201312270005
201304220001
57180
200510130007
200410010001
201109270004
201408250003
200210230003
46400
34878
201211150002
201103230003
54924
201112120008
200604190001
33795
201007080015
201306280007
200711060008
200910140001
200911120001
201203080012
201301140003
201103030012
201211270002
201307260002
1980
9507
11839
200009010004
10851
40180
201005130006
55234
201112210001
201212130003
200310090005
201406230005
201501070007
30099
30180
31824
9499
56999
51251
36519
200109270001
200305060002
38338
30653
49463
200903120005
200807170002
201406250001
41735
201412040007
200406280004
201409190005
200905010001
200812100001
200408310002
33768
201404150009
200411040001
200708220008
200712210003
201212140002
200210080003
200108230004
200112030002
200103120002
30222
37771
9508
57245
201207120001
30800
46335
201403140012
200207170002
201412180005
200410130005
31283
200704050001
201209070011
34147
56071
200506200005
201209070010
200701110002
200807020006
200507080003
200511290001
31737
200908270004
201411040001
1128
201203020001
200510260004
49126
200507150010
2957
200708140008
200306270002
11787
200003270001
6473
200908260003
200811210001
47449
200604190002
200507150017
200904220002
44350
201010120001
201307230005
57801
11415
56442
201311070002
201001260003
43906
200507150013
32919
201312270007
201503180001
200710310003
54602
200707050003
200712170001
201107080002
201503090001
201305240004
30401
200809220014
200507150006
42372
200507150015
200510060001
1531
200612040005
200903190004
200507150020
41531
200601270006
200906250006
36327
200507150005
2412
200507150012
200606090001
200005160003
200511180001
11076
200601310002
8387
200802080004
200710020001
200406290001
201504060015
201406020025
200610030006
200707050004
200508300002
200806190003
200511230003
201402050008
200704250001
9339
200906170005
200906160010
200601310001
200111070003
6984
201312190008
200810230009
12173
200507150019
200601270011
201401310010
201010200004
200809230001
200712170009
199901130005
201201250004
201110130006
201109090004
200103080002
201410160004
201110130005
200806030003
201410290005
55963
201202030002
201203290002
47275
201205070003
201306280001
201010050001
201002250001
200502010001
201406120002
32860
36716
38638
201310080003
199911190010
201110270004
201011170001
200711060007
200205310003
43336
201208230001
201210290001
201408080007
201009080003
51950
201407100001
201204090002
200901200011
200902180008
201201180003
200205090010
1646
201408190001
200907270001
201407070002
201402260002
47265
200909040001
39083
42418
201410290001
55903
201402200002
200908100001
201010280006
48927
50667
49793
201103310001
42339
200906020001
201410080003
200109280001
201302220006
3106
201103230001
200210230004
200104250003
200709060003
199907290007
200706060004
200907010002
8007
200411170007
201003040008
201312120003
200806100002
200809220002
57869
200904060011
200004270003
56716
200608140001
40745
200901200003
18488
18492
201501210002
200111270007
200811060001
200912080006
39139
51211
57758
200508300005
201108050003
201205240004
200910300002
50055
200708220009
200710030003
201410160005
201203290001
200101050001
201011290003
201007080014
201112280007
201107110005
200103090017
201008270001
7260
49035
200710120005
201503200007
48632
201503090009
201109060001
201110130002
200909140002
201202100004
57067
3692
57651
201306190006
33058
49190
7128
200502020003
31322
10676
201201110001
53590
201302220005
200801030010
200604110002
199904210007
201210160009
200107170003
33137
201009290002
199909020004
45197
33166
39945
8686
201207050007
48135
52681
201312120004
201503200006
201407250003
41867
200401220003
44830
200807110005
200805210002
1778
52027
200203250003
201201120003
201003300013
18323
200312240001
35661
200103090015
201403240003
56391
44027
201403140008
30897
33136
7254
201002120003
201501090002
200312290001
200809250004
201501090001
200405130009
201211150011
2424
35368
200608300002
201407070006
201111300001
52680
200701050002
200506300009
200409270006
200606120019
201410310008
6344
200808010003
201412100002
201211200002
200703210001
6362
200101160005
200810060007
200802270004
201501200008
201205100004
3142
201007230007
200003210005
201101270002
200810080012
47367
200311250007
200805220002
3008
41629
201410210001
199912170002
22429
56049
57639
200709180002
201303260001
201008120001
201411030001
54705
200504180003
200608160001
200006300005
201110260004
201402120009
201301030002
201301030001
201010150008
200508230014
201203280002
3291
3184
200406140003
200903180005
201106100005
200208190003
3122
200208020002
200106180012
201502200001
41968
201112080001
201406120004
48562
201402050003
201502200003
200210240002
200006140004
200810030019
201310250001
1637
200212230005
201109160001
200312230006
201304220005
200707200002
201302150001
201105130009
56822
56821
200709060001
53266
57125
57085
200511210002
200810030017
200104050005
3105
201308050005
199905100003
43917
201111170001
200007240006
201103100002
200802290001
201408080009
200905180001
54526
201309260001
201008130003
199901280002
200811060006
201410270004
9809
48527
200005260001
3111
22435
55873
201401230013
200101310005
200911060001
200504140005
201407140002
201301150008
200006280007
3304
49908
201103180001
3297
57559
200903170001
201004290008
201303080016
201210040005
201004150007
201308050013
201503090003
2098
201406020017
45266
201301150002
37018
201304180008
3238
200611140003
200412170007
3243
201402100004
200411080013
200608010001
201310080005
45421
201106030006
11050
52025
199905280004
200106150007
200412090006
201501260001
201409090006
53559
200106180018
201409170001
200412090005
201006170001
201407070003
201202030001
200203190008
201311250005
201208030003
201210100004
38434
6457
48570
201204120005
3341
200904220004
200312180006
200711060002
200804240001
200307010005
200004030001
200703230001
201103180005
201302150004
201302150005
201103030006
200805200002
47923
3346
200311070002
40323
200705140002
200407150006
201503200004
200508260001
200405240002
51942
200810080016
201006230009
201303220010
200301230006
201106140004
55786
201201090005
6008
200106290005
201311130001
8400
8405
201108290002
201410160007
46711
201309190002
3172
200402270005
55045
40397
51281
200412210003
200605230001
39357
57589
201409220001
201406040008
200909210003
200510200006
201308070004
45463
3023
200703290005
201401160004
200008230003
35150
201306060006
200809190006
37552
51099
200507200001
201201100002
200311100003
201501060002
200812190002
200006210002
201501220001
201003190001
201502030007
200112270003
200903180004
200503150001
201102110006
201410310006
200010300006
54797
8648
200612150010
201407170003
200807100001
200903090001
3082
201502270003
201302080007
201310040003
57140
47918
3327
200708080003
9310
201107220007
56940
200907140004
200310300001
200401090002
201303140002
42902
2365
200502180008
43562
201103210002
3380
201406020006
200401280004
199908100001
6015
201312090018
200710110004
200709120001
200405110001
9311
200606140001
200212270001
201204270004
201410010002
200807110001
201209240003
199905130001
201112280003
200810170003
56453
52814
201407070011
201210150003
200908190001
47117
201202170001
200606120017
200803030005
53059
199904300002
199904300001
200501270010
200501270001
201407070001
201211190005
3124
201007190002
201108110011
200103210001
201301170001
201411100002
200809050012
200302240004
201310220003
201009270007
53583
56792
200502240003
200608250006
3307
3139
54295
30265
201309170001
200503300005
200503300006
199906030001
201001120002
56019
200801170004
6987
38687
56934
200811040002
200607270002
201211150010
201205150002
201501070008
41991
45396
49733
44313
54706
201309200002
201303180004
47650
44130
57761
201412180003
200602060002
200210250003
6995
35166
10509
200603020001
201108230004
201402120004
34499
57321
200206110003
7839
201401310009
201111020008
201010200003
200009060004
9685
199912160007
45338
200701020003
9690
200506090007
43495
52992
201307030015
55330
200602060004
201009270022
201002220013
9692
200403260001
201012140001
201303040004
201404280001
200904150009
43194
200108230001
201409160002
34826
201209170004
51427
200503100003
7786
201307220007
200402170001
199904230001
32897
51026
201311210003
201411190001
200606220001
200411220009
200206280002
200305010002
201211150005
201311120004
199906080005
33149
201401030005
201405220002
34359
49118
8959
37482
36134
36132
36133
52852
200210300001
200607250001
201001190002
57839
201001190007
47887
8857
200506020002
201004290018
3100
3483
201310240004
48877
199912290002
200401270003
201106300001
33607
201105030004
200908260007
200407090006
200808060002
43462
201302250006
3010
30004
201305280003
35845
32924
200711190003
200701220005
201402280001
200410040003
200103270003
30663
201106300002
200311050007
201310310004
200311050006
200311050004
201311070003
3437
200303200002
10734
38715
39082
9460
201101190004
201311290009
201311010003
201405050006
201306180001
201310290005
9458
200307310002
200902040002
201208200002
200502010005
57092
200208290004
33001
200109100003
200603210002
200109170005
200606120007
200407160001
201409250001
3014
201005040001
52491
201201120002
47903
201501200007
199912060001
201106030001
9470
3013
201107080003
200503160003
200701110007
200209030007
201411060001
201207100002
201207100003
200006080005
45645
201402040001
201501160002
48630
200502110006
38946
201412040001
201311250007
200606230006
41421
201304120004
56614
201412010009
200009270001
8390
40208
201310220002
200002170002
38013
201203150005
9442
201501270006
200810030004
48328
201210240004
201011290002
201403050004
35439
201309090002
201302200003
200508020004
47614
9435
31317
200706070019
200301140003
201303050001
200809220007
200702260005
201108300001
201412170003
201412010004
9423
200505270002
201006300005
201310030001
199910270011
200506070002
200112240001
200810010009
200008180001
51100
200110180001
201406020020
199909300002
201201110006
200708140002
201111210003
200207190009
36551
38424
201105090002
200403010002
200007250004
30453
201406040004
200706070013
31835
200005250001
200704200006
3086
201001060016
201007160003
2506
200811130002
201404040004
37312
32663
201504020001
34104
37622
201406020021
199911240002
200610180003
200502170001
201501070006
200810070001
200903120012
200911180007
9066
56163
201310220011
199907150002
200712170027
200408260002
200707190005
200003100001
201307160002
201105030001
201004150012
52600
201002220011
199912010005
201307160003
200003300003
54823
201110240003
200412140008
200209130003
200209260002
201306060001
201412170005
55027
200202050001
200304070018
200206130001
200902230011
201004290006
201409090005
201107070001
201108020003
201105090004
201410310005
201403260001
38214
200401280011
3980
201012220003
200706140003
200705020002
200701180002
36144
200908140012
201503160006
201410170002
1041
200110100001
200506020007
56026
200307160001
200710040006
201106140001
57301
201208070001
201308210002
47777
200201070007
201401100001
57565
200312010001
201406110004
40927
200501210003
200401220004
201411210004
4013
4012
201410290002
200607240002
200205060001
56778
200601050017
201309090008
200809220004
9902
201208210003
41967
47807
47753
56609
201410060001
47256
48994
201402280005
200208280003
200804100002
35974
200707020002
201401090001
201006230012
199912290001
3529
200107310004
199911300004
37028
46708
56405
34455
200810080013
201210160002
52906
201202030007
46832
201208080005
201107130004
201407230001
200301160001
201102110002
201402280006
200809190017
45567
47817
44692
7045
39708
200803100002
43350
200112110001
200909230002
200408270001
201001060015
200306020001
57497
7042
201107140003
40516
200305210003
200212180003
201209110006
200406110002
57499
200204240003
200204230006
200507270002
52200
32404
201302220009
200001120017
201210110003
201312120008
200412090001
201006170002
201412170002
35976
200910220004
201305080002
37437
56285
47448
201202090002
201408290001
42907
201310080006
200702260003
201001060026
200012060003
201405230001
201312270002
201006070016
201311290001
200811070001
200002150001
41813
46418
200406080001
201204300005
201204300004
201207050008
201006230007
201112280005
56963
200505230011
201104270001
200608300001
45798
47160
201106130001
201006230006
200905210007
200106220002
200201220002
41149
201301140006
42416
200710220006
56998
200010240003
201310300001
48533
201410070001
201311250002
201311010007
201106300003
3207
200608240002
200211060003
201412230006
55745
6088
52691
200903100007
201005140003
199911090002
201401230001
201206120002
201311010008
201411130005
18246
37046
41556
200202010005
10762
200209260001
200906160004
201208060003
56381
56380
201310220005
41505
200007110010
201304220008
201305240011
200007310006
201402180001
201006230008
201501150002
200512160001
200704020002
201401230005
201009270005
199901260002
201501280002
200211260003
201404020007
200901290005
3299
9260
56610
201205310002
200301020001
201503200002
200803190001
39174
201109210005
56250
47115
200207110002
40519
51954
35357
200906150008
200809190007
200311050009
201312110001
201406230001
3158
56447
47339
201308230002
1676
201501140006
200206210001
201207180001
7563
46805
201207050002
201006070011
200508260009
200901290003
201106270007
1818
200112210003
201306070001
56743
201312130005
3384
201406180001
201409120001
201004220006
201412080001
201311010006
200608140005
200901120003
200706290001
200502180011
199905140002
53020
10753
200603100006
200303190004
47844
200203010010
200601270002
3781
37629
46401
200606050005
200606050004
199901200003
201406020007
200312100002
200904150002
200507130003
47329
201408110005
35224
201309050001
53171
201402050002
201403240004
201011190002
40379
201311120003
200409170009
200404190004
201404040005
55750
201502090002
200609260004
53441
201308050016
201203220001
201002120012
3141
200703120005
200804140005
200011200001
201301230004
201410100001
200011290004
201209280005
32163
201504060005
51096
46323
200811280006
201501200004
48742
200107170001
200912140001
201209280002
46405
201001120003
201006010011
201201120001
200211180006
201105110002
56660
55576
201206260005
200906170007
200907290003
200907150002
3457
46072
3706
201308050017
54458
201206060015
200011220003
201103300003
201305030003
40368
201006010007
200801070003
38806
200810010015
3442
200707190004
200607030008
201107130002
200802010001
200707190003
200105020001
200001120020
201110130003
201401230004
55578
201201170001
8602
201311180001
200105070001
200509200004
200811120006
8905
7647
201406120006
201401090005
201309050005
201104070004
201302270001
200607120001
201410290006
200508230005
200308200001
54173
201408080004
201408080005
201408080006
3510
46062
200208270004
40500
201410090001
200902200004
201502230005
200208280011
201402200004
200009290004
51488
201209070006
201411100005
201406040003
200708220007
201312270006
200003010002
54576
201501260005
44317
10534
3451
201302080005
201410270005
201403100006
201402240002
38824
7300
201101070002
201503270002
201107140004
200502180002
200203130003
201309040006
56658
201401230014
201303080013
201404150002
201411100004
41621
201410270003
201406020010
200812040007
8904
201412100003
47610
32406
33468
200104030002
200008240002
200603240001
201409050003
200001180004
201205150004
200609180002
201204300001
38873
201311070004
49413
200412230001
200810170005
4116
8122
9156
30185
8368
200608180004
56955
200410050004
200901270003
201408040001
54918
57838
200611220002
200211120002
56986
37484
9398
11297
201207050001
200801310001
56782
8870
3256
57292
201501070010
201002120021
3224
3518
200512090002
200809250010
36213
200607030002
200805220001
45701
200404300001
200906290001
201007120003
8369
3295
200001070001
200703290002
201404090003
200209270001
200209270002
56203
200911040004
11835
201310100002
200802080002
54578
201302120005
11459
201303070001
200802270003
56195
201501160001
201003040003
200307220006
56701
201411180003
7494
201203080005
201304110002
39660
200611140008
201409290001
200311190005
201411130001
36097
201208160008
54238
201210190001
200307020008
200510250004
201412100001
200908270001
52739
200411080011
44378
201403100002
4110
200505190001
3156
55738
201406110001
200611210001
201302080015
201407140003
200911180003
201409260001
201401310008
56404
201412180001
200704300001
3159
57622
52488
201502030008
47148
200810220010
200810220014
200810220011
201106090002
3113
201202100003
200806020009
200011220005
201206140004
40352
56700
51908
201406040001
42585
201501210004
200306130007
200706280002
199901150003
201307160010
201306280008
6442
201103180003
201110190002
53143
53168
200402120004
201204250002
3076
53931
201209250002
201210240003
201308220006
10505
200210090001
200505050004
42797
200008210001
38896
200910070007
32004
200203190003
200202140002
201112080003
49086
201008270002
200805050001
201203160004
201001060023
34317
201201180004
47722
201009300002
12103
200809050013
18434
8103
201301150015
200504070011
199910120004
34433
200810290004
200807110006
49806
200803070007
201503260003
201412040003
201109090005
201303200003
3313
3186
57729
201312180001
200108140022
201412010008
37461
200011270002
200510120001
201007280009
46098
201306130001
48282
10540
34339
3316
46333
201401020002
201101310004
201107250006
201403130001
11236
200606130011
36926
11739
201105190001
54729
54861
48195
200901290001
42929
200110160003
43054
35349
200202040003
47603
201007190005
50031
200209100002
44546
49810
200804100004
9457
200910200002
57306
200005170005
9403
38885
201104180001
48057
201204200001
201204200002
47709
200207190010
200202040004
3261
200809160002
201409050010
48318
201403310001
200011160001
201403140009
35810
34950
201405130010
48301
57026
200301230001
201406230004
48068
200704120001
200611270008
39609
40509
201309270001
200108060003
200809180008
201404170001
200509270008
201404230002
201109190001
201209210008
6779
200611170013
32437
200910290005
200402130002
200504250002
34525
200901090004
40781
8581
200903120007
200808260002
201005110001
52461
33442
201410240005
200408310006
200811040010
200411020007
54672
201409090004
3976
3981
200605110006
200408120004
32375
200201100001
200901200013
47066
200903100008
200508150005
201408110002
44023
31736
200612280001
3415
51798
201104290007
200612190001
32605
200603070001
200201030001
200910270005
200007110003
201012030005
201309130002
201305030001
200409270005
9741
201410240003
35322
57824
36287
201104250005
200712170020
200309170001
200505230004
56536
201409050006
1008
199905210004
49482
36414
3173
8415
201403050001
200810030015
46684
10732
200604110004
200604200003
42046
201405220003
201405140001
44034
200811210003
201407140001
201412040006
201411170002
200111080003
201310220004
201012020001
200106150011
201407160003
201406250002
200506090009
31745
201009270001
39281
199902220002
200005050005
31968
7721
32422
201411170001
55868
7596
201306200003
201503110005
43285
200505030005
201206200002
200003130002
201303220004
200409220002
201408280001
32610
201203120001
201306120003
199911180007
201403120002
10503
201404020005
200712170012
201302250004
49742
200808210003
48129
34734
54794
201303130007
200309050003
201210150008
56797
38944
39797
10019
9849
201405190004
36434
55629
35120
201104070005
31000
3083
33074
201205100002
199911180004
200906160001
200408250009
200811100002
31897
200606050007
200310290005
200403050001
200201100003
200504070008
31366
32725
200401060006
31964
201008230001
201009140003
200306170003
201202150001
35682
200011150003
200006290005
201104250002
200504140007
10017
42055
200601230004
201109300001
201405010003
201109090003
53482
201410070004
200904170004
32344
200101160006
50853
201408130002
201011170005
200701250002
51792
55823
56731
200702060002
200701260001
200606210002
7034
200804150002
200808040002
200104250001
7800
200710090002
38570
200611170010
32105
200610050007
54822
201207110002
200509090003
200708140001
40394
199905210003
201111140005
200804150001
201411210005
201002120001
200606230007
200606050011
57828
200802200001
7404
201204230002
201501270007
200602170001
57592
3589
201206260004
200512120001
57688
200810220019
201209070003
200609190003
200710260002
35752
9941
6244
200209030008
36192
201405050001
201405050002
201004150013
201301040005
53068
201111150004
37987
201010120002
201111090005
8817
200910270001
47179
9934
200704090001
54577
200809110020
200408090001
200809110005
40715
201308220005
57188
57189
200809110009
201307030012
199903100008
201201170006
6255
201501050003
199902170006
201411050002
51519
31860
53210
200311190001
201208290009
200108300003
54631
56570
10006
8845
8842
53205
201405220001
200212300002
201001060009
200212180002
201503110003
200409270001
36939
201010060001
201203160005
201203160006
201303250002
201008110001
201111170003
200809170003
32575
200401300002
44428
200906260005
52788
200105030001
201302220008
199907230001
200411290007
200111230001
55114
200401140002
52361
3237
200008170002
40492
41864
201504060004
40512
40513
199912100006
200304030007
201405190005
201101310001
201311250006
200602230004
200609070002
8680
201104050001
201207110004
201310220007
199906150003
200101050003
33656
201408110004
52684
201301040002
201204090003
201206130002
201006110003
201311220001
201207020001
200707050007
200902270010
200104050006
200104050016
200402030008
201407280003
201003300003
49147
200104190005
201407220001
201412040008
200402030005
200402030004
200404060002
200006230001
200001030001
200606230003
200501270004
200501270005
201006280002
201006220001
200209200002
201406020002
201304250003
200704300004
201309090005
200907270003
49179
200511020012
201309090004
200911130001
201002090001
49169
200002290002
49085
49409
200610020001
201209070013
201206010001
49170
200104050007
200104050008
200902180006
201101130001
201504060011
201309090006
201402120012
3508
54479
200908200002
200109100004
9394
201312090011
201205290001
200310150002
40232
200008280004
56157
4111
47606
201309200005
6478
201402200006
201304220007
3492
3357
3191
201004150006
200107110002
201010190003
53280
200904230002
201307160001
201411100001
46893
199910080001
50435
200106180006
200902040008
201011290005
200908260004
200301090002
200801070007
200011210011
200209090003
201209120002
36653
1530
200505090006
201102230002
201311010002
56256
48541
200810010012
201309200007
36050
200108230008
201502180004
18110
49207
39700
49770
201304180004
34966
201303130002
201008060001
201108230005
201410290004
1046
201402100002
54186
201306210002
8907
201406090004
34168
43093
200801040002
200304030017
45728
46846
43551
201410060003
201410060002
8283
6188
201502180009
38374
3639
201408270001
50755
53233
43192
33310
200207110010
200112210004
47005
40867
52845
200102280007
200512220003
201406270002
7600
201007280005
201401240005
201101110001
201209250001
200110170001
200303250005
33719
9553
201308050006
42801
47998
201102110003
201407070009
200709040002
200604100003
201306280003
201309040002
201407280001
201104190004
201306280002
201103030002
200408120001
46699
200709200005
33744
8776
200312080002
9559
201304050001
9568
200209060001
42075
200807170001
201405010002
201405010001
55433
10528
200103230005
201311150001
35251
1249
201112120001
49145
200402120002
45249
48334
56130
51259
53579
54317
54363
200504140010
201302120009
9570
200010300008
201005070003
201501140008
37488
201405130005
200407200004
201104080001
200310090004
200110300008
54824
41905
41661
50900
6270
1743
200011210006
200612280006
201110110002
46646
41706
201304180002
53422
200811280001
200709120003
201311250004
39547
199906150005
200303130006
201211050014
56685
44933
34245
200806170001
3032
30556
200612280007
57192
43138
201501020001
201011010001
37868
200001120019
36023
200702260004
200902040006
10257
201306270001
30863
200404150001
200201160004
56578
200612040004
200207110007
199910060003
57477
201209140001
201205310005
200608180001
201003030004
201307160011
200108070001
55704
200702210006
201306180003
201111170002
200209160003
201211080001
56773
55983
201010280002
201010280001
201107220005
200106080004
201009140004
201209250003
56335
201306200004
55897
201410020003
201304240003
201304110008
200508040002
201206150003
199910140001
199910140003
201103230004
201306190001
200510250005
55920
200410150003
201009270013
201204300002
200503230001
200205030001
201409050002
43567
200901300001
10850
201201270004
33664
201308090002
201410020001
200610050004
201103110005
201109260001
201012140008
201201180006
52931
200812230006
200610160002
200206280003
40842
3110
37394
201501200001
34075
49712
35920
44365
200804070003
200006140005
201401020005
45250
3098
57857
34295
199905240002
53377
200612060006
200704050002
200104060003
3292
3251
200901140002
201201110005
54647
201311290013
201105130006
201303260006
200707020007
44398
33530
201107220001
37160
201106130003
201308130002
8623
200506300005
200506300006
200506300004
201304120001
200508230013
49818
201206120005
46814
201308130001
200301280009
200712040006
201208290001
49785
200105180001
51112
200810300002
37021
32705
3091
56281
39053
51548
53146
57288
201203080002
200205230006
34149
201308220001
201006110004
201003300002
34913
200501040007
200410180001
34078
200401160002
200202120002
200910010001
56890
200310010003
200406230004
200810060010
200805080003
200510200008
201401230009
200904020002
201311210008
200606300001
42438
201405090002
200401130001
201402070001
200904020001
201403190002
201405050004
200710040008
3130
3226
201110060002
200810060013
51352
33227
200406230005
201307220008
44773
201210110002
201009080012
201209060001
201501150003
9752
200606120011
200706070006
200502090003
33263
201110110003
44152
201102220003
38767
201201200001
201101310005
199911300003
200809240007
200908100007
200306170002
201411100007
200805160003
200810100002
200011130011
201405060001
12056
201401160007
53302
201212120011
56290
200202110002
12081
31524
201410160001
201206210002
201001060027
200106210005
199902240009
201310240001
48947
47925
201409230002
201103300002
39062
201311290011
57790
200108220006
35707
200508290004
201307160013
9242
200808180002
200508310005
201411130004
200603100003
35141
40909
201303280002
8837
201501270010
201111290001
201406130002
201304240007
200703120008
201406190002
201303040003
8823
201205310010
200912160008
200708220002
200610030002
200112170002
42268
200208050004
11831
46718
3227
201301030004
57623
200810010013
199903090001
201409120002
200810220009
200810220012
200810220008
201308220004
201106270011
3148
201401030004
201002120016
56816
200111290002
201210100002
201201110004
55302
200003230001
200409280001
201009270023
57629
200507080006
201311250008
200305070004
57600
201312120006
40868
8467
201003120002
39258
201205100009
57474
200806230003
200806090003
39404
35618
200109040001
200502090006
3176
200901220004
39512
200607170002
9723
200410220001
45133
51221
201301040007
200405240001
8896
47137
201303220002
45205
41857
200811130001
200404070002
201406020015
40362
57617
200909140008
8422
199911020008
42294
200607260002
57371
201201250003
200511150005
201012030002
201405050005
36259
200608240003
200207220012
200207220006
201002030004
200207220011
200207220009
200207180003
200902040009
200210180004
200412280004
200207220016
200207220015
200207220008
200210180005
200207220013
200701310001
200207220014
201002030002
200302120004
200702020001
200302120002
200207220007
200601050014
200601050015
200601050013
201101270001
200309120004
200102230020
201009140006
3201
200509270006
201209240002
200110220001
201209120003
200511230004
200706280005
6538
50450
7311
201003160003
200603200001
199905170003
201106210001
48558
200707260002
3006
40396
201312270008
200208290001
45470
201409260003
3134
200111020002
201109080002
31586
200911060003
200905050002
201402050007
201206180001
201407230003
200002110003
200608290011
46918
201105190005
34856
201306280012
8278
200810010006
201006010014
200510130009
201404150003
200503110005
199911080001
11664
45072
201305030006
55995
57284
56571
44782
54750
44292
200010240001
200010300001
36384
200910260003
201406190001
3744
3117
3236
201209070002
200007110002
200207110013
201501140009
8882
200604040004
57348
200203150003
200109260002
201302190002
3025
200606050010
200906260003
199912060004
201203080001
200812240002
200812230011
200812230010
200812240005
8208
201407160002
200301230004
200005220003
200601050003
46656
42953
9682
8438
56298
201106270001
201402260001
201205160001
200501040005
45025
3063
200301280001
3177
8184
200601230003
57039
200702080001
8824
200605010007
200305150004
200105250002
31448
37915
200602140006
199902240008
201203120002
201308210003
200503030004
1200
38352
40118
46651
34578
37234
40290
200001260004
200706110001
42896
200107310003
32261
200106180021
43170
201106100002
49797
6947
7030
200201160009
200810030008
201504060008
201404150008
41097
40120
201209170005
49446
32160
201312120007
18377
1022
46013
201503090005
201003080001
200508230011
40773
9952
201109120002
200104300003
201208220001
201204030003
7038
201005190001
200301280004
9382
201206180006
201303130005
201002220006
35569
51168
49327
55918
47473
201301150012
8359
47858
32275
200612040006
37857
38327
38497
200503030006
49279
201407070008
201212210001
201501200002
43990
35310
200710250003
54567
35402
47157
200712170003
56657
200903120011
45395
201301150001
201005260001
32127
32134
201107110004
200612180002
201210240001
201005260002
200503180007
201006300004
57175
200307020013
200709100001
201408280004
10164
53325
25315
201101130003
201007160004
31161
200506150004
200304070013
10461
201105200002
200906240001
201107250007
45263
200309100005
201501070005
200710240004
201305030007
200411020005
6377
201206120010
40491
49878
53663
200503070002
200503070003
201112120007
201105160002
200604250001
201208270004
200704260001
2811
201112220003
46908
55043
201105250002
200210070003
201307220004
200704260003
3140
200408190001
200008220004
200003100005
200303070002
9823
199901110005
35149
56090
201108040002
8414
7857
201402050006
57337
200410270006
46009
7856
200811280010
201209070005
200505230012
56154
201001190006
200603170005
200707020015
201401090002
201109270003
200704030007
201009090002
201303270001
201202070001
201110210003
201009080008
200306130010
200307020010
201305240005
200509270002
201112280001
201311250003
54693
200608290013
3137
200210310005
201308050008
3002
36378
43991
45203
7049
201108260004
45229
199908130006
7075
32914
48359
200808060001
53551
200411170005
200609110003
40721
200809240005
201309160002
201312090003
201310090004
201309040001
201312090002
201312090001
201310090001
201310090002
201310090003
201312090004
201312090005
201309160001
200812230001
200511020009
48551
200203250002
200603020002
7011
9732
52818
47264
31954
200605050011
8884
8883
200606010008
12207
200306020003
57552
57527
57526
57530
57529
200812090001
201407070012
200203010006
32580
201201090003
11436
40320
200901200014
200909010007
200704100001
3125
200705080003
200811040006
201006100004
45063
201303260003
200102280002
200102280003
200504070005
200105140002
200105140001
200505230014
200408250006
200304090001
36203
201201120004
57061
43875
200704300005
8682
200602060007
201101250004
40490
200904150003
200404210002
201103300001
201307220001
200903160001
7555
200801070002
42147
7531
201305280002
35283
8370
49678
2226
201007080018
200411290008
55583
201206190001
39069
200411290009
201501210005
199903020005
37923
7948
41649
200205070003
201404100001
201004220008
200009050003
9572
200309190004
201210040006
200707020001
200409220004
201205220002
52331
200809190011
56690
201407070007
201408280003
10711
201304120007
57376
201107280001
201411240001
201303080015
1846
200310160008
200806250004
45869
200304280004
201406230009
201412040004
200310060003
49657
200609180005
200112170007
31340
8800
201204050001
200712170018
201409290002
200211060001
200303070003
201310230004
56106
200411150001
200807020001
201309090010
53089
201408200002
200406110004
200508260003
54840
42996
201007300005
200006280005
56430
200712180010
48929
201302120004
201012140007
201211190003
200009010001
200410280009
201202230003
201001290003
200706150002
201007230001
43813
201408200003
200206180003
201310310005
201301230008
201410230001
201206060010
2858
201009270014
201212120002
201205310007
44601
200905070001
56347
201412100005
200706180003
200701240005
200209030002
200912030001
201106210010
200612270015
48650
201301230003
8799
201101280005
3566
200112170006
201402120006
201006070013
201306190010
200312010002
3822
57797
201301150004
201406230006
201204270007
200404020008
45141
9968
201310290006
201310290007
3569
3568
201408190002
201204090004
200408260003
44987
201202210003
57877
2901
201201100005
201309090009
1877
201205310008
38762
201410020004
200611170002
38551
34040
201301230007
201108050001
201008230005
201306280004
201310230003
201403140004
200502100001
57084
201302200001
34565
47010
200306180001
199910070004
200402200007
201209210005
200708170003
201010190006
56066
54291
9973
36157
8804
200902180002
200407290001
201306280005
200806060001
201207100005
200611170005
52281
200605170001
201109290003
51779
200209130005
9974
43009
201110130007
199908020004
201004060008
201003190002
54350
200710300001
199909150002
47649
200909080005
32567
46407
51384
33068
9965
200605230010
3571
200707190006
201303080004
33612
200407200003
201406120001
201211160001
3922
200611210009
201304040007
57419
8077
201303130004
200207190006
47006
45046
200404060004
200711260007
201005120001
200809110012
201206120004
36687
201005130002
201202150002
201409050008
201404090004
201110170004
201301040003
200809050005
200802080005
200710120004
3015
201408050002
201309200004
199907120007
46818
200706130005
200911300001
44589
200203180002
201502230004
200511040002
51243
201202150004
40444
200209200006
200409170005
201402200001
200209130006
201310030010
201208160005
201412170004
201102280002
201306250005
201306250006
201412240010
201303130012
200904030001
200010130004
201009170001
201007080020
44226
200307310003
200505230009
201001060022
200711260002
200711050001
34345
201202150003
201201170002
201109290002
201406040002
47591
57819
56808
199908230002
199911120002
201108290003
37203
39308
44475
201408080002
201105130007
200512060005
43035
55956
3572
201203280001
200503040009
201106210023
201005130001
201501210001
201502020001
200701110010
200701300004
201304080002
201102100001
200605190002
